208,0
205,6
205,5
205,4
205,3
205,2
205,1
205,0
196,9
196,8
196,7
196,6
196,5
196,4
196,3
196,2
196,1
196,0
193,8
193,7
193,6
193,5
193,4
193,3
193,2
193,1
193,0
190,3
190,2
190,1
190,0
188,5
188,4
188,3
188,2
188,1
188,0
185,5
185,4
185,3
185,2
185,1
185,0
182,5
182,4
182,3
182,2
182,1
182,0
179,8
179,6
179,5
179,4
179,3
179,2
179,1
179,0
175,3
175,2
175,1
175,0
171,4
171,3
171,2
171,1
171,0
169,4
169,3
169,2
169,1
169,0
167,11
167,10
167,9
167,7
167,6
167,5
167,4
167,3
167,2
167,1
167,0
165,4
165,3
165,2
165,1
165,0
162,4
162,3
162,2
162,1
162,0
160,4
160,3
160,2
160,1
160,0
159,4
159,3
159,2
159,1
159,0
158,3
158,2
158,1
158,0
157,4
157,3
157,2
157,1
157,0
156,12
156,11
156,10
156,9
156,8
156,7
156,6
156,5
156,4
156,3
156,2
156,1
156,0
152,6
152,5
152,4
152,3
152,2
152,1
152,0
148,4
148,3
148,2
148,1
148,0
146,6
146,5
146,4
146,3
146,2
146,1
146,0
140,5
140,4
140,3
140,2
140,1
140,0
137,4
137,3
137,2
137,1
137,0
134,4
134,3
134,2
134,1
134,0
127,7
127,6
127,5
127,4
127,3
127,2
127,1
127,0
121,64
121,36
121,35
121,34
121,33
121,32
121,31
121,29
121,28
121,26
121,25
121,24
121,23
121,22
121,21
121,20
121,19
121,18
121,17
121,16
121,15
121,14
121,13
121,12
121,11
121,10
121,9
121,8
121,7
121,6
121,5
121,3
121,2
121,1
121,0
117,6
117,4
117,3
117,2
117,1
117,0
114,6
114,3
114,2
114,1
114,0
112,3
112,2
112,1
112,0
111,3
111,2
111,1
111,0
7,3
5,8
5,6
5,5
5,3
5,2
5,0
4,3
3,2
2,2
1,2
0,53
0,9
0,2
208,1
208,2
208,5
208,6
209,0
209,1
209,3
210,1
210,2
210,4
210,5
210,7
212,0
212,1
212,3
212,4
213,1
213,2
213,4
213,9
213,5
213,3
213,0
212,2
210,8
210,6
210,3
210,0
209,2
208,7
208,3
1,45
3,44
2,44
1,44
3,43
2,43
1,43
3,42
2,42
1,42
3,41
2,41
1,41
3,40
2,40
1,40
3,39
2,39
1,39
3,38
2,38
1,38
3,37
2,37
1,37
3,36
2,36
1,36
3,35
2,35
1,35
3,34
2,34
1,34
3,33
2,33
1,33
3,32
2,32
1,32
3,31
2,31
1,31
3,30
2,30
1,30
3,29
2,29
1,29
3,28
2,28
1,28
3,27
2,27
1,27
3,26
2,26
1,26
3,25
2,25
1,25
3,24
2,24
1,24
3,23
2,23
1,23
3,22
2,22
1,22
3,21
2,21
1,21
3,20
2,20
1,20
3,19
2,19
1,19
3,18
2,18
1,18
3,17
2,17
1,17
3,16
2,16
1,16
3,15
2,15
1,15
3,14
2,14
1,14
3,13
2,13
1,13
3,12
2,12
1,12
3,11
2,11
1,11
3,10
2,10
1,10
3,9
2,9
1,9
3,8
2,8
1,8
3,7
2,7
1,7
3,6
2,6
1,6
3,5
2,5
1,5
3,4
2,4
1,4
3,3
3,0
2,3
2,0
1,3
1,0
0,6
0,0
0,47
0,46
0,49
0,48
0,45
0,12
0,56
0,10
0,8
0,11
0,5
0,7
0,4
0,3
